              precision    recall  f1-score   support

           0       0.76      0.76      0.76        45
           1       0.97      0.99      0.98       135
           2       0.83      0.86      0.85       118
           3       0.91      0.90      0.90       192
           4       0.96      0.95      0.95       271
           5       0.76      0.78      0.77        65
           6       0.91      0.87      0.89       136
           7       0.52      0.41      0.46        54
           8       0.94      0.96      0.95       818

    accuracy                           0.91      1834
   macro avg       0.84      0.83      0.83      1834
weighted avg       0.91      0.91      0.91      1834

Decision Trees Train accuracy 99.932%
Decision Trees Test accuracy 91.330%

[[ 34   0   2   3   1   0   0   2   3]
 [  0 134   0   0   0   0   0   0   1]
 [  1   2 102   0   0   2   4   1   6]
 [  1   0   2 173   1   3   2   2   8]
 [  0   0   3   2 257   2   0   5   2]
 [  1   0   3   3   0  51   1   0   6]
 [  1   0   2   1   1   1 118   3   9]
 [  2   0   3   4   8   2   2  22  11]
 [  5   2   6   5   1   6   2   7 784]]