              precision    recall  f1-score   support

           0       1.00      0.76      0.87        55
           1       0.98      0.92      0.95       128
           2       0.97      0.87      0.92       112
           3       0.94      0.97      0.95       186
           4       0.95      0.96      0.96       273
           5       0.97      0.81      0.88        79
           6       0.97      0.97      0.97       117
           7       1.00      0.42      0.60        59
           8       0.92      1.00      0.96       825

    accuracy                           0.94      1834
   macro avg       0.97      0.85      0.89      1834
weighted avg       0.94      0.94      0.94      1834

Logistic Regression Train accuracy 96.549%
Logistic Regression Test accuracy 94.111%

[[ 42   0   2   0   0   1   1   0   9]
 [  0 118   0   0   0   0   0   0  10]
 [  0   0  97   0   1   1   3   0  10]
 [  0   0   0 180   2   0   0   0   4]
 [  0   0   0   4 262   0   0   0   7]
 [  0   0   0   1   0  64   0   0  14]
 [  0   0   0   0   0   0 113   0   4]
 [  0   2   1   7  10   0   0  25  14]
 [  0   0   0   0   0   0   0   0 825]]