              precision    recall  f1-score   support

           0       0.77      0.73      0.75        45
           1       0.90      0.65      0.76       135
           2       0.89      0.79      0.84       118
           3       0.83      0.70      0.76       192
           4       0.76      0.75      0.76       271
           5       0.68      0.60      0.64        65
           6       0.89      0.71      0.79       136
           7       0.32      0.59      0.42        54
           8       0.89      0.98      0.93       818

    accuracy                           0.83      1834
   macro avg       0.77      0.72      0.74      1834
weighted avg       0.84      0.83      0.83      1834

Naive Bayes Train accuracy 95.363%
Naive Bayes Test accuracy 82.770%

[[ 33   0   1   2   3   0   1   0   5]
 [  4  88   4   2  11   3   1   4  18]
 [  0   2  93   2   9   1   1   0  10]
 [  0   2   0 135  17   4   1  20  13]
 [  0   1   0  13 203   1   1  37  15]
 [  0   0   0   3   7  39   1   5  10]
 [  1   1   4   2   6   5  97   0  20]
 [  0   2   1   3   9   2   0  32   5]
 [  5   2   1   1   1   2   6   2 798]]