              precision    recall  f1-score   support

           0       1.00      0.82      0.90        45
           1       0.98      0.94      0.96       135
           2       0.92      0.86      0.89       118
           3       0.94      0.92      0.93       192
           4       0.96      0.97      0.96       271
           5       0.95      0.80      0.87        65
           6       0.95      0.91      0.93       136
           7       0.96      0.44      0.61        54
           8       0.92      1.00      0.96       818

    accuracy                           0.94      1834
   macro avg       0.95      0.85      0.89      1834
weighted avg       0.94      0.94      0.93      1834

Random Forest Train accuracy 99.932%
Random Forest Test accuracy 93.730%

[[ 37   0   3   0   0   0   0   0   5]
 [  0 127   0   1   0   0   1   0   6]
 [  0   0 101   1   1   0   4   1  10]
 [  0   0   1 177   1   0   1   0  12]
 [  0   1   1   0 262   0   0   0   7]
 [  0   2   1   3   1  52   0   0   6]
 [  0   0   0   0   2   0 124   0  10]
 [  0   0   2   6   7   3   0  24  12]
 [  0   0   1   1   0   0   1   0 815]]