              precision    recall  f1-score   support

           0       0.97      0.87      0.92        45
           1       1.00      0.98      0.99       135
           2       0.96      0.92      0.94       118
           3       0.96      0.95      0.96       192
           4       0.95      0.99      0.97       271
           5       0.95      0.89      0.92        65
           6       0.95      0.95      0.95       136
           7       0.84      0.59      0.70        54
           8       0.97      1.00      0.98       818

    accuracy                           0.96      1834
   macro avg       0.95      0.90      0.92      1834
weighted avg       0.96      0.96      0.96      1834

Svm Train accuracy 99.618%
Svm Test accuracy 96.238%

[[ 39   0   2   0   0   0   0   0   4]
 [  0 132   0   2   0   0   0   1   0]
 [  0   0 109   0   0   0   2   0   7]
 [  0   0   1 183   1   0   1   1   5]
 [  1   0   0   2 267   0   0   1   0]
 [  0   0   1   0   0  58   1   3   2]
 [  0   0   0   0   1   0 129   0   6]
 [  0   0   1   3  11   3   1  32   3]
 [  0   0   0   0   0   0   2   0 816]]