              precision    recall  f1-score   support

           0       0.97      0.82      0.89        45
           1       1.00      0.92      0.96       135
           2       0.97      0.90      0.93       118
           3       0.94      0.93      0.94       192
           4       0.96      0.98      0.97       271
           5       0.96      0.83      0.89        65
           6       0.96      0.92      0.94       136
           7       1.00      0.48      0.65        54
           8       0.92      1.00      0.96       818

    accuracy                           0.94      1834
   macro avg       0.97      0.86      0.90      1834
weighted avg       0.95      0.94      0.94      1834

Xgboost Train accuracy 99.427%
Xgboost Test accuracy 94.493%

[[ 37   0   1   0   0   0   0   0   7]
 [  0 124   0   4   0   0   0   0   7]
 [  0   0 106   0   0   0   2   0  10]
 [  0   0   0 179   1   0   0   0  12]
 [  1   0   0   1 266   0   0   0   3]
 [  0   0   1   2   0  54   1   0   7]
 [  0   0   0   0   1   0 125   0  10]
 [  0   0   1   4   9   2   0  26  12]
 [  0   0   0   0   0   0   2   0 816]]